----------------------------------------------
|||||||||||||||||||||||||||||||||||| 2-PAM |||
BER (ideal channel) --------------------------
   [0] 0.023010
   [2] 0.005830
   [4] 0.000930
   [6] 0.000030
   [8] 0.000000
   [10] 0.000000
   [12] 0.000000
   [14] 0.000000
   [16] 0.000000
   [18] 0.000000
   [20] 0.000000
   [22] 0.000000
   [24] 0.000000
   [26] 0.000000
   [28] 0.000000
   [30] 0.000000
BER (non-ideal channel) ----------------------
   [0] 0.210360
   [2] 0.196440
   [4] 0.189310
   [6] 0.183080
   [8] 0.178380
   [10] 0.177620
   [12] 0.175940
   [14] 0.176630
   [16] 0.177660
   [18] 0.176640
   [20] 0.176620
   [22] 0.177100
   [24] 0.177320
   [26] 0.176820
   [28] 0.177110
   [30] 0.177200
----------------------------------------------
|||||||||||||||||||||||||||||||||||| 4-PAM |||
BER (ideal channel) --------------------------
   [0] 0.183295
   [2] 0.131210
   [4] 0.077140
   [6] 0.037765
   [8] 0.012395
   [10] 0.002435
   [12] 0.000205
   [14] 0.000000
   [16] 0.000000
   [18] 0.000000
   [20] 0.000000
   [22] 0.000000
   [24] 0.000000
   [26] 0.000000
   [28] 0.000000
   [30] 0.000000
BER (non-ideal channel) ----------------------
   [0] 0.343100
   [2] 0.337730
   [4] 0.335910
   [6] 0.332900
   [8] 0.330395
   [10] 0.329375
   [12] 0.329070
   [14] 0.328765
   [16] 0.328510
   [18] 0.328440
   [20] 0.327845
   [22] 0.327890
   [24] 0.327700
   [26] 0.328295
   [28] 0.328150
   [30] 0.327970
----------------------------------------------
|||||||||||||||||||||||||||||||||||| 4-QAM |||
BER (ideal channel) --------------------------
   [0] 0.022545
   [2] 0.005930
   [4] 0.000790
   [6] 0.000040
   [8] 0.000000
   [10] 0.000000
   [12] 0.000000
   [14] 0.000000
   [16] 0.000000
   [18] 0.000000
   [20] 0.000000
   [22] 0.000000
   [24] 0.000000
   [26] 0.000000
   [28] 0.000000
   [30] 0.000000
BER (non-ideal channel) ----------------------
   [0] 0.208655
   [2] 0.196160
   [4] 0.187930
   [6] 0.182565
   [8] 0.178630
   [10] 0.177325
   [12] 0.176780
   [14] 0.175890
   [16] 0.176605
   [18] 0.177305
   [20] 0.176745
   [22] 0.177040
   [24] 0.177475
   [26] 0.177300
   [28] 0.177590
   [30] 0.177535
